0 0
1.1192728898159885 -51.61290322580692
4.450271921329065 -77.41935483871009
8.110258511510096 -352.68817204301104
19.222528495865316 -481.72043010752714
24.78849735528571 -593.5483870967746
31.731207628697017 -662.3655913978498
39.50711465395217 -739.7849462365593
45.614840199657294 -791.3978494623659
51.16471727631678 -825.8064516129034
56.42494226327945 -800.0000000000002
59.21418460850779 -886.0215053763443
66.98115175445132 -920.430107526882
74.46561871414737 -929.0322580645166
84.44967592937496 -963.440860215054
90.27847724055725 -1006.4516129032261
95.55121805855623 -1040.8602150537638
101.37465544215154 -1058.0645161290327
107.19809282574685 -1075.2688172043015
117.18751396856142 -1135.483870967742
123.56522386947778 -1152.6881720430108
128.5661923564032 -1212.9032258064517
134.11428145720035 -1238.7096774193549
138.8273858302913 -1247.3118279569894
