0 0
1.1192728898159885 -51.61290322580692
4.450271921329065 -77.41935483871009
8.110258511510096 -352.68817204301104
19.238620278626247 -559.1397849462369
24.802801162184313 -662.3655913978498
31.470163152797436 -739.7849462365593
39.26216196081354 -894.6236559139788
45.63093198241823 -868.8172043010757
51.18259703494003 -911.8279569892477
56.426730239141776 -808.6021505376348
59.56283990166132 -1230.1075268817206
67.05267078894435 -1264.5161290322583
74.5371377486404 -1273.1182795698926
84.52298293973033 -1316.1290322580649
90.34999627505029 -1350.5376344086021
95.34560083438875 -1384.9462365591398
101.38717127318782 -1118.279569892473
106.93526037398495 -1144.0860215053765
116.92289354093721 -1195.6989247311828
123.57952767637637 -1221.5053763440862
128.30693585636598 -1298.9247311827958
133.83893317440217 -1247.3118279569894
138.55203754749311 -1255.9139784946237

